data,casos_acumulados,casos_novos,obitos_acumulados,obitos_novos,rolling_mean_casos_novos,rolling_mean_casos,rolling_mean_obitos_acumulados,rolling_mean_obitos_novos,casos_ativos
2020-03-12,6,6,0,0,0.0,0.0,0.0,0.0,0.0
2020-03-13,6,0,0,0,0.0,0.0,0.0,0.0,0.0
2020-03-14,6,0,0,0,2.0,6.0,0.0,0.0,0.0
2020-03-15,6,0,0,0,0.0,6.0,0.0,0.0,0.0
2020-03-16,6,0,0,0,0.0,6.0,0.0,0.0,0.0
2020-03-17,12,6,0,0,2.0,8.0,0.0,0.0,0.0
2020-03-18,14,2,0,0,2.6666666666666665,10.666666666666666,0.0,0.0,0.0
2020-03-19,23,9,0,0,5.666666666666667,16.333333333333332,0.0,0.0,0.0
2020-03-20,36,13,0,0,8.0,24.333333333333332,0.0,0.0,0.0
2020-03-21,43,7,0,0,9.666666666666666,34.0,0.0,0.0,0.0
2020-03-22,54,11,0,0,10.333333333333334,44.333333333333336,0.0,0.0,48.0
2020-03-23,60,6,0,0,8.0,52.333333333333336,0.0,0.0,54.0
2020-03-24,70,10,0,0,9.0,61.333333333333336,0.0,0.0,64.0
2020-03-25,97,27,0,0,14.333333333333334,75.66666666666667,0.0,0.0,91.0
2020-03-26,106,9,0,0,15.333333333333334,91.0,0.0,0.0,100.0
2020-03-27,125,19,2,2,18.333333333333332,109.33333333333333,0.6666666666666666,0.6666666666666666,113.0
2020-03-28,137,12,2,0,13.333333333333334,122.66666666666667,1.3333333333333333,0.6666666666666666,123.0
2020-03-29,152,15,2,0,15.333333333333334,138.0,2.0,0.6666666666666666,129.0
2020-03-30,160,8,3,1,11.666666666666666,149.66666666666666,2.3333333333333335,0.3333333333333333,124.0
2020-03-31,185,25,3,0,16.0,165.66666666666666,2.6666666666666665,0.3333333333333333,142.0
2020-04-01,229,44,3,0,25.666666666666668,191.33333333333334,3.0,0.3333333333333333,175.0
2020-04-02,258,29,4,1,32.666666666666664,224.0,3.3333333333333335,0.3333333333333333,198.0
2020-04-03,307,49,5,1,40.666666666666664,264.6666666666667,4.0,0.6666666666666666,237.0
2020-04-04,401,94,7,2,57.333333333333336,322.0,5.333333333333333,1.3333333333333333,304.0
2020-04-05,445,44,10,3,62.333333333333336,384.3333333333333,7.333333333333333,2.0,339.0
2020-04-06,466,21,14,4,53.0,437.3333333333333,10.333333333333334,3.0,341.0
2020-04-07,511,45,15,1,36.666666666666664,474.0,13.0,2.6666666666666665,374.0
2020-04-08,550,39,17,2,35.0,509.0,15.333333333333334,2.3333333333333335,398.0
2020-04-09,621,71,24,7,51.666666666666664,560.6666666666666,18.666666666666668,3.3333333333333335,461.0
2020-04-10,655,34,26,2,48.0,608.6666666666666,22.333333333333332,3.6666666666666665,470.0
2020-04-11,688,33,27,1,46.0,654.6666666666666,25.666666666666668,3.3333333333333335,459.0
2020-04-12,750,62,31,4,43.0,697.6666666666666,28.0,2.3333333333333335,492.0
2020-04-13,768,18,33,2,37.666666666666664,735.3333333333334,30.333333333333332,2.3333333333333335,461.0
2020-04-14,803,35,39,6,38.333333333333336,773.6666666666666,34.333333333333336,4.0,402.0
2020-04-15,816,13,41,2,22.0,795.6666666666666,37.666666666666664,3.3333333333333335,371.0
2020-04-16,845,29,43,2,25.666666666666668,821.3333333333334,41.0,3.3333333333333335,379.0
2020-04-17,887,42,44,1,28.0,849.3333333333334,42.666666666666664,1.6666666666666667,376.0
2020-04-18,960,73,49,5,48.0,897.3333333333334,45.333333333333336,2.6666666666666665,410.0
2020-04-19,1002,42,52,3,52.333333333333336,949.6666666666666,48.333333333333336,3.0,381.0
2020-04-20,1022,20,53,1,45.0,994.6666666666666,51.333333333333336,3.0,367.0
2020-04-21,1039,17,55,2,26.333333333333332,1021.0,53.333333333333336,2.0,351.0
2020-04-22,1077,38,60,5,25.0,1046.0,56.0,2.6666666666666665,327.0
2020-04-23,1096,19,62,2,24.666666666666668,1070.6666666666667,59.0,3.0,328.0
2020-04-24,1133,37,67,5,31.333333333333332,1102.0,63.0,4.0,330.0
2020-04-25,1155,22,71,4,26.0,1128.0,66.66666666666667,3.6666666666666665,339.0
2020-04-26,1171,16,75,4,25.0,1153.0,71.0,4.333333333333333,326.0
2020-04-27,1201,30,77,2,22.666666666666668,1175.6666666666667,74.33333333333333,3.3333333333333335,314.0
2020-04-28,1286,85,79,2,43.666666666666664,1219.3333333333333,77.0,2.6666666666666665,326.0
2020-04-29,1364,78,84,5,64.33333333333333,1283.6666666666667,80.0,3.0,362.0
2020-04-30,1423,59,88,4,74.0,1357.6666666666667,83.66666666666667,3.6666666666666665,401.0
2020-05-01,1464,41,92,4,59.333333333333336,1417.0,88.0,4.333333333333333,425.0
2020-05-02,1510,46,93,1,48.666666666666664,1465.6666666666667,91.0,3.0,433.0
2020-05-03,1533,23,96,3,36.666666666666664,1502.3333333333333,93.66666666666667,2.6666666666666665,437.0
2020-05-04,1581,48,97,1,39.0,1541.3333333333333,95.33333333333333,1.6666666666666667,448.0
2020-05-05,1608,27,102,5,32.666666666666664,1574.0,98.33333333333333,3.0,453.0
2020-05-06,1647,39,104,2,38.0,1612.0,101.0,2.6666666666666665,476.0
2020-05-07,1678,31,107,3,32.333333333333336,1644.3333333333333,104.33333333333333,3.3333333333333335,477.0
2020-05-08,1734,56,109,2,42.0,1686.3333333333333,106.66666666666667,2.3333333333333335,448.0
2020-05-09,1809,75,110,1,54.0,1740.3333333333333,108.66666666666667,2.0,445.0
2020-05-10,1859,50,112,2,60.333333333333336,1800.6666666666667,110.33333333333333,1.6666666666666667,436.0
2020-05-11,1873,14,114,2,46.333333333333336,1847.0,112.0,1.6666666666666667,409.0
2020-05-12,1930,57,116,2,40.333333333333336,1887.3333333333333,114.0,2.0,420.0
2020-05-13,2023,93,120,4,54.666666666666664,1942.0,116.66666666666667,2.6666666666666665,490.0
2020-05-14,2091,68,122,2,72.66666666666667,2014.6666666666667,119.33333333333333,2.6666666666666665,510.0
2020-05-15,2167,76,124,2,79.0,2093.6666666666665,122.0,2.6666666666666665,559.0
2020-05-16,2272,105,126,2,83.0,2176.6666666666665,124.0,2.0,625.0
2020-05-17,2316,44,127,1,75.0,2251.6666666666665,125.66666666666667,1.6666666666666667,638.0
2020-05-18,2390,74,130,3,74.33333333333333,2326.0,127.66666666666667,2.0,656.0
2020-05-19,2519,129,133,3,82.33333333333333,2408.3333333333335,130.0,2.3333333333333335,710.0
2020-05-20,2656,137,140,7,113.33333333333333,2521.6666666666665,134.33333333333334,4.333333333333333,797.0
2020-05-21,2855,199,144,4,155.0,2676.6666666666665,139.0,4.666666666666667,982.0
2020-05-22,2985,130,149,5,155.33333333333334,2832.0,144.33333333333334,5.333333333333333,1055.0
2020-05-23,3147,162,153,4,163.66666666666666,2995.6666666666665,148.66666666666666,4.333333333333333,1124.0
2020-05-24,3260,113,156,3,135.0,3130.6666666666665,152.66666666666666,4.0,1169.0
2020-05-25,3384,124,160,4,133.0,3263.6666666666665,156.33333333333334,3.6666666666666665,1217.0
2020-05-26,3567,183,164,4,140.0,3403.6666666666665,160.0,3.6666666666666665,1295.0
2020-05-27,3768,201,167,3,169.33333333333334,3573.0,163.66666666666666,3.6666666666666665,1452.0
2020-05-28,4041,273,174,7,219.0,3792.0,168.33333333333334,4.666666666666667,1651.0
2020-05-29,4300,259,178,4,244.33333333333334,4036.3333333333335,173.0,4.666666666666667,1781.0
2020-05-30,4538,238,186,8,256.6666666666667,4293.0,179.33333333333334,6.333333333333333,1882.0
2020-05-31,4752,214,187,1,237.0,4530.0,183.66666666666666,4.333333333333333,1897.0
2020-06-01,4900,148,195,8,200.0,4730.0,189.33333333333334,5.666666666666667,1915.0
2020-06-02,5235,335,204,9,232.33333333333334,4962.333333333333,195.33333333333334,6.0,2088.0
2020-06-03,5567,332,210,6,271.6666666666667,5234.0,203.0,7.666666666666667,2307.0
2020-06-04,5895,328,220,10,331.6666666666667,5565.666666666667,211.33333333333334,8.333333333333334,2511.0
2020-06-05,6434,539,233,13,399.6666666666667,5965.333333333333,221.0,9.666666666666666,2867.0
2020-06-06,6693,259,239,6,375.3333333333333,6340.666666666667,230.66666666666666,9.666666666666666,2925.0
2020-06-07,6987,294,244,5,364.0,6704.666666666667,238.66666666666666,8.0,2946.0
2020-06-08,7121,134,250,6,229.0,6933.666666666667,244.33333333333334,5.666666666666667,2821.0
2020-06-09,7410,289,260,10,239.0,7172.666666666667,251.33333333333334,7.0,2872.0
2020-06-10,7934,524,282,22,315.6666666666667,7488.333333333333,264.0,12.666666666666666,3182.0
2020-06-11,8569,635,288,6,482.6666666666667,7971.0,276.6666666666667,12.666666666666666,3669.0
2020-06-12,8818,249,302,14,469.3333333333333,8440.333333333334,290.6666666666667,14.0,3583.0
2020-06-13,9353,535,320,18,473.0,8913.333333333334,303.3333333333333,12.666666666666666,3786.0
2020-06-14,9706,353,334,14,379.0,9292.333333333334,318.6666666666667,15.333333333333334,3811.0
2020-06-15,9839,133,342,8,340.3333333333333,9632.666666666666,332.0,13.333333333333334,3405.0
2020-06-16,10690,851,372,30,445.6666666666667,10078.333333333334,349.3333333333333,17.333333333333332,3997.0
2020-06-17,11225,535,394,22,506.3333333333333,10584.666666666666,369.3333333333333,20.0,4238.0
2020-06-18,12059,834,415,21,740.0,11324.666666666666,393.6666666666667,24.333333333333332,4938.0
2020-06-19,12932,873,428,13,747.3333333333334,12072.0,412.3333333333333,18.666666666666668,5522.0
2020-06-20,13821,889,437,9,865.3333333333334,12937.333333333334,426.6666666666667,14.333333333333334,5887.0
2020-06-21,14501,680,451,14,814.0,13751.333333333334,438.6666666666667,12.0,5932.0
2020-06-22,15124,623,469,18,730.6666666666666,14482.0,452.3333333333333,13.666666666666666,6306.0
2020-06-23,15853,729,498,29,677.3333333333334,15159.333333333334,472.6666666666667,20.333333333333332,6500.0
2020-06-24,16963,1110,521,23,820.6666666666666,15980.0,496.0,23.333333333333332,7257.0
2020-06-25,17822,859,539,18,899.3333333333334,16879.333333333332,519.3333333333334,23.333333333333332,7983.0
2020-06-26,18672,850,564,25,939.6666666666666,17819.0,541.3333333333334,22.0,7982.0
2020-06-27,19819,1147,575,11,952.0,18771.0,559.3333333333334,18.0,8594.0
2020-06-28,20742,923,599,24,973.3333333333334,19744.333333333332,579.3333333333334,20.0,8683.0
2020-06-29,21326,584,613,14,884.6666666666666,20629.0,595.6666666666666,16.333333333333332,8394.0
2020-06-30,22877,1551,649,36,1019.3333333333334,21648.333333333332,620.3333333333334,24.666666666666668,9056.0
2020-07-01,24225,1348,663,14,1161.0,22809.333333333332,641.6666666666666,21.333333333333332,9724.0
2020-07-02,26304,2079,706,43,1659.3333333333333,24468.666666666668,672.6666666666666,31.0,11180.0
2020-07-03,28166,1862,727,21,1763.0,26231.666666666668,698.6666666666666,26.0,12313.0
2020-07-04,30570,2404,763,36,2115.0,28346.666666666668,732.0,33.333333333333336,13607.0
2020-07-05,31459,889,795,32,1718.3333333333333,30065.0,761.6666666666666,29.666666666666668,13637.0
2020-07-06,32769,1310,820,25,1534.3333333333333,31599.333333333332,792.6666666666666,31.0,14097.0
2020-07-07,34308,1539,851,31,1246.0,32845.333333333336,822.0,29.333333333333332,14489.0
2020-07-08,35715,1407,895,44,1418.6666666666667,34264.0,855.3333333333334,33.333333333333336,14973.0
2020-07-09,37424,1709,931,36,1551.6666666666667,35815.666666666664,892.3333333333334,37.0,16098.0
2020-07-10,39512,2088,978,47,1734.6666666666667,37550.333333333336,934.6666666666666,42.333333333333336,16635.0
2020-07-11,40797,1285,1016,38,1694.0,39244.333333333336,975.0,40.333333333333336,16572.0
2020-07-12,42537,1740,1045,29,1704.3333333333333,40948.666666666664,1013.0,38.0,16233.0
2020-07-13,43582,1045,1089,44,1356.6666666666667,42305.333333333336,1050.0,37.0,15416.0
2020-07-14,45363,1781,1146,57,1522.0,43827.333333333336,1093.3333333333333,43.333333333333336,14793.0
2020-07-15,47124,1761,1200,54,1529.0,45356.333333333336,1145.0,51.666666666666664,15665.0
2020-07-16,49405,2281,1246,46,1941.0,47297.333333333336,1197.3333333333333,52.333333333333336,16636.0
2020-07-17,51321,1916,1292,46,1986.0,49283.333333333336,1246.0,48.666666666666664,17013.0
2020-07-18,53553,2232,1308,16,2143.0,51426.333333333336,1282.0,36.0,17838.0
2020-07-19,54629,1076,1327,19,1741.3333333333333,53167.666666666664,1309.0,27.0,17205.0
2020-07-20,55909,1280,1357,30,1529.3333333333333,54697.0,1330.6666666666667,21.666666666666668,16397.0
